0 331 0 285
0 261 0 31
0 78 0 334
0 257 0 528
0 15 0 75
0 204 0 400
0 254 0 641
0 210 0 136
0 428 0 932
0 95 0 984
0 241 0 590
0 493 0 309
0 427 0 579
0 27 0 34
0 5 0 804
0 281 0 721
0 423 0 321
0 222 0 302
0 398 0 225
0 238 0 737
0 312 0 237
0 264 0 801
0 287 0 114
0 365 0 715
0 266 0 563
0 69 0 112
0 456 0 341
0 11 0 656
0 221 0 21
0 373 0 807
0 402 0 777
0 377 0 744
0 59 0 141
0 268 0 602
0 214 0 996
0 305 0 104
0 327 0 307
0 78 0 190
0 345 0 495
0 28 0 461
0 388 0 183
0 66 0 136
0 484 0 818
0 119 0 267
0 428 0 287
0 251 0 527
0 123 0 106
0 19 0 842
0 86 0 204
0 40 0 911
0 267 0 842
0 490 0 197
0 13 0 781
0 401 0 808
0 46 0 432
0 0 0 72
0 358 0 578
0 54 0 751
0 235 0 167
0 320 0 520
0 418 0 460
0 1 0 44
0 83 0 375
0 7 0 66
0 19 0 343
0 178 0 187
0 269 0 66
0 443 0 565
0 272 0 187
0 369 0 415
0 279 0 731
0 276 0 279
0 320 0 549
0 173 0 895
0 197 0 838
0 352 0 415
0 445 0 350
0 224 0 980
0 183 0 417
0 209 0 236
0 364 0 204
0 233 0 46
0 240 0 194
0 470 0 445
0 373 0 894
0 399 0 383
0 483 0 453
0 150 0 466
0 171 0 679
0 205 0 812
0 4 0 174
0 255 0 318
0 466 0 106
0 136 0 728
0 294 0 869
0 179 0 626
0 499 0 766
0 466 0 872
0 130 0 759
0 235 0 972
0 292 0 176
0 60 0 37
0 354 0 670
0 376 0 14
0 493 0 199
0 230 0 14
0 454 0 844
0 422 0 678
0 23 0 297
0 297 0 835
0 72 0 715
0 196 0 942
0 62 0 138
0 284 0 268
0 196 0 143
0 58 0 81
0 0 0 390
0 22 0 702
0 230 0 755
0 496 0 322
0 180 0 643
0 186 0 582
0 274 0 13
0 319 0 73
0 411 0 442
0 307 0 845
0 424 0 18
0 199 0 368
0 289 0 202
0 155 0 340
0 347 0 50
0 357 0 946
0 402 0 393
0 59 0 829
0 5 0 481
0 248 0 377
0 244 0 482
0 321 0 654
0 482 0 302
0 327 0 63
0 340 0 237
0 8 0 915
0 354 0 854
0 308 0 399
0 224 0 632
0 45 0 758
0 261 0 847
0 78 0 536
0 114 0 741
0 171 0 813
0 119 0 561
0 251 717
0 278 0 681
0 161 0 162
0 405 0 617
0 43 0 364
0 238 0 468
0 275 0 949
0 450 0 839
0 326 0 395
0 261 0 772
0 357 0 769
0 473 0 68
0 359 0 346
0 4 0 716
0 17 0 664
0 265 0 344
0 75 0 39
0 330 0 60
0 161 0 542
0 253 0 763
0 304 0 541
0 91 0 978
0 359 0 200
0 457 0 899
0 62 0 337
0 163 0 520
0 145 0 202
0 426 0 957
0 336 0 937
0 342 0 758
0 457 0 325
0 484 0 79
0 83 0 507
0 63 0 375
0 429 0 728
0 69 0 660
0 496 0 80
0 84 0 78
0 220 0 711
0 304 0 75
0 419 0 57
0 298 0 877
0 133 0 94
0 332 0 221
0 226 0 418
0 453 0 936
0 146 0 754
0 486 0 84
0 99 0 532
0 378 0 768
0 156 0 128
0 474 0 81
0 350 0 147
0 62 0 612
0 15 0 646
0 461 0 292
0 496 0 814
0 15 0 511
0 236 0 207
0 340 0 120
0 203 0 276
0 252 711
0 181 0 705
0 150 0 235
0 495 0 397
0 354 0 476
0 360 0 257
0 16 0 456
0 20 0 917
0 288 0 731
0 238 0 892
0 108 0 967
0 119 0 653
0 273 0 348
0 407 0 176
0 119 0 80
0 281 0 354
0 167 0 203
0 153 0 704
0 400 0 450
0 192 0 781
0 161 0 892
0 158 0 683
0 87 0 131
0 296 0 969
0 292 0 978
0 195 0 215
0 431 0 312
0 106 0 339
0 262 0 864
0 448 0 357
0 84 0 362
0 257 0 160
0 407 0 494
0 1 0 660
0 459 0 503
0 129 0 495
0 194 0 986
0 262 0 14
0 355 0 740
0 476 0 129
0 262 0 743
0 159 0 550
0 43 0 278
0 336 0 290
0 66 0 825
0 113 0 754
0 323 0 741
0 271 0 273
0 113 0 434
0 156 0 427
0 339 0 928
0 223 0 841
0 337 0 731
0 290 0 696
0 308 0 199
0 396 0 992
0 208 0 469
0 258 0 379
0 259 0 754
0 444 0 511
0 28 0 665
0 60 0 915
0 440 0 470
0 488 0 848
0 53 0 725
0 39 0 137
0 419 0 141
0 390 0 414
0 121 0 741
0 387 0 890
0 429 0 782
0 197 0 893
0 425 0 257
0 143 0 560
0 55 0 252
0 368 0 859
0 461 0 488
0 238 0 798
0 10 0 591
0 95 0 799
0 189 0 707
0 224 0 629
0 326 0 591
0 385 0 193
0 378 0 207
0 28 0 120
0 144 0 967
0 73 0 506
0 194 0 256
0 34 0 292
0 415 0 619
0 311 0 614
0 89 0 355
0 114 0 884
0 419 0 299
0 436 0 629
0 163 0 704
0 177 0 642
0 265 0 287
0 68 0 546
0 121 0 17
0 294 0 670
0 472 0 779
0 499 0 324
0 211 0 647
0 337 0 414
0 114 0 113
0 159 0 913
0 182 0 350
0 366 0 457
0 340 0 770
0 173 0 640
0 35 0 805
0 383 0 58
0 457 0 567
0 458 0 201
0 241 0 253
0 394 0 186
0 52 0 763
0 426 0 575
0 404 0 965
0 364 0 190
0 373 0 7
0 53 0 974
0 172 0 510
0 30 0 433
0 207 0 341
0 162 0 194
0 205 0 458
0 226 0 741
0 343 0 900
0 315 0 186
0 124 0 195
0 70 0 278
0 54 0 50
0 118 0 761
0 222 0 546
0 63 0 539
0 149 0 261
0 31 0 950
0 62 0 705
0 303 0 61
0 391 0 735
0 84 0 39
0 336 0 582
0 169 0 841
0 444 0 747
0 360 0 782
0 47 0 127
0 211 0 705
0 294 0 56
0 56 0 406
0 17 0 270
0 276 0 397
0 389 0 66
0 320 0 299
0 359 0 138
0 464 0 112
0 340 0 5
0 6 0 865
0 252 0 22
0 199 0 887
0 7 0 172
0 165 0 884
0 173 0 378
0 127 0 153
0 141 0 198
0 210 0 195
0 180 0 101
0 109 0 862
0 78 0 758
0 28 0 400
0 101 0 852
0 305 0 165
0 68 0 315
0 405 0 801
0 324 0 516
0 135 0 65
0 255 0 106
0 44 0 474
0 31 0 460
0 266 0 638
0 207 0 308
0 441 0 652
0 38 0 217
0 120 0 804
0 470 0 923
0 206 0 46
0 388 0 41
0 114 0 508
0 362 0 526
0 403 0 201
0 224 0 698
0 61 0 192
0 215 0 921
0 278 0 115
0 454 0 286
0 200 0 247
0 51 0 721
0 339 0 383
0 327 0 402
0 290 0 719
0 331 0 956
0 389 0 7
0 319 0 639
0 81 0 398
0 417 0 839
0 254 0 495
0 483 0 784
0 102 0 323
0 267 0 156
0 383 0 916
0 303 0 20
0 221 0 134
0 465 0 846
0 429 0 854
0 62 0 68
0 317 0 788
0 256 0 785
0 252 0 192
0 349 0 163
0 381 0 244
0 482 0 472
0 163 0 786
0 274 0 307
0 203 0 606
0 97 0 729
0 57 0 152
0 73 0 942
0 392 0 246
0 297 0 461
0 438 0 840
0 340 0 85
0 452 0 255
0 450 0 665
0 254 0 646
0 236 0 457
0 127 0 166
0 316 0 521
0 337 0 329
0 144 0 147
0 181 0 88
0 291 0 679
0 363 0 238
0 378 0 190
0 74 0 315
0 51 0 106
0 53 0 706
0 1 0 623
0 258 0 750
0 362 0 331
0 280 0 596
0 205 0 280
0 111 0 234
0 471 0 640
0 323 0 379
0 147 0 295
0 342 0 143
0 46 0 69
0 47 0 161
0 336 0 237
0 460 0 692
0 380 0 321
0 143 0 519
0 106 0 250
0 166 0 367
0 390 0 6
0 202 0 717
0 58 0 752
0 159 0 685
0 394 0 588
0 144 0 606
0 240 0 394
0 50 0 355
0 438 0 988
0 195 0 286
0 81 0 350
0 486 0 753
0 126 0 526
0 135 0 414
0 346 0 383
0 78 0 612
0 297 0 468
0 302 0 318
0 492 0 994
0 330 0 644
0 240 0 504
0 164 0 232
0 206 0 308
0 270 0 981
0 424 0 17
0 465 0 786
0 35 0 305
0 284 0 467
0 248 0 562
0 473 0 918
0 306 0 683
0 149 0 308
0 434 0 680
0 29 0 623
0 172 0 511
0 250 0 655
0 354 0 618
0 319 0 934
0 170 0 878
0 210 0 534
0 123 0 629
0 107 0 501
0 408 0 901
0 155 0 347
0 445 0 293
0 449 0 862
0 193 0 300
0 384 0 216
0 348 0 171
0 209 0 880
0 166 0 851
0 402 0 608
0 238 0 859
0 167 0 954
0 204 0 842
0 80 0 997
0 181 0 454
0 235 0 974
0 476 0 865
0 272 0 399
0 296 0 942
0 193 0 540
0 37 0 870
0 454 0 590
0 407 0 714
0 6 0 191
0 1 0 975
0 437 0 195
0 63 0 262
0 203 0 42
0 313 0 914
0 350 0 381
0 382 0 958
0 188 0 547
0 221 0 684
0 93 0 800
0 193 0 790
0 410 0 6
0 401 0 561
0 87 0 878
0 39 0 637
0 359 0 662
0 376 0 88
0 113 0 998
0 149 0 925
0 160 0 904
0 210 0 359
0 99 0 5
0 90 0 412
0 429 0 145
0 372 0 746
0 451 0 905
0 416 0 984
0 468 0 501
0 393 0 162
0 283 0 825
0 133 0 412
0 274 0 948
0 438 0 867
0 275 0 558
0 225 0 81
0 201 0 648
0 265 0 13
0 449 0 669
0 88 0 880
0 248 0 232
0 166 0 182
0 61 0 158
0 6 0 703
0 439 0 956
0 314 0 346
0 463 0 79
0 34 0 906
0 141 0 237
0 435 0 475
0 181 0 745
0 440 0 155
0 117 0 837
0 425 0 337
0 319 0 992
0 83 0 906
0 312 0 922
0 170 0 206
0 17 0 46
0 422 0 405
0 159 0 423
0 193 0 496
0 196 0 24
0 244 0 843
0 76 0 194
0 366 0 615
0 350 0 305
0 434 0 408
0 92 0 510
0 446 0 587
0 304 0 362
0 446 0 219
0 131 0 703
0 486 0 117
0 173 0 386
0 443 0 701
0 181 0 771
0 386 0 918
0 83 0 512
0 264 0 881
0 8 0 999
0 119 0 617
0 144 0 308
0 80 0 983
0 387 0 752
0 132 0 825
0 103 0 538
0 242 0 867
0 370 0 757
0 455 0 813
0 267 0 148
0 462 0 120
0 183 0 775
0 59 0 607
0 88 0 646
0 87 0 992
0 188 0 503
0 200 0 421
0 481 0 403
0 198 0 230
0 28 0 173
0 85 0 901
0 173 0 438
0 200 0 405
0 460 0 666
0 387 0 80
0 209 0 302
0 400 0 985
0 300 0 168
0 289 0 175
0 484 0 283
0 161 0 566
0 197 0 820
0 417 0 947
0 92 0 474
0 427 0 533
0 348 0 895
0 475 0 329
0 254 0 80
0 97 0 698
0 429 0 327
0 332 0 430
0 296 0 175
0 255 517
0 279 0 441
0 340 0 679
0 79 0 142
0 99 0 794
0 88 0 436
0 101 0 109
0 160 0 120
0 446 0 768
0 74 0 785
0 344 0 974
0 404 0 582
0 163 0 309
0 74 0 954
0 204 0 208
0 333 0 226
0 203 0 713
0 367 0 937
0 354 0 508
0 178 0 790
0 238 0 734
0 267 0 38
0 216 0 907
0 280 0 215
0 75 0 101
0 428 0 698
0 196 0 849
0 109 0 471
0 171 0 218
0 448 0 655
0 400 0 294
0 374 0 749
0 386 0 724
0 202 0 325
0 68 0 731
0 395 0 914
0 153 0 106
0 307 0 589
0 303 0 941
0 333 0 282
0 12 0 57
0 301 0 275
0 24 0 710
0 128 0 344
0 131 0 434
0 12 0 87
0 176 0 11
0 310 0 450
0 319 0 128
0 144 0 486
0 0 0 899
0 32 0 132
0 247 0 111
0 75 0 647
0 135 0 6
0 216 0 98
0 288 0 669
0 17 0 945
0 161 0 494
0 467 0 215
0 306 0 9
0 429 0 614
0 430 0 842
0 214 0 658
0 46 0 861
0 134 0 118
0 270 0 749
0 90 0 675
0 43 0 785
0 331 0 576
0 384 0 517
0 94 0 8
0 493 0 824
0 267 0 44
0 487 0 11
0 68 0 336
0 349 0 882
0 125 0 342
0 489 0 113
0 367 0 44
0 76 0 716
0 91 0 376
0 110 0 201
0 461 0 954
0 499 0 459
0 477 0 918
0 464 0 247
0 486 0 185
0 374 0 310
0 118 0 825
0 225 0 635
0 401 0 290
0 314 0 376
0 140 0 678
0 402 0 15
0 142 0 593
0 21 0 555
0 422 0 26
0 494 0 427
0 35 0 609
0 31 0 513
0 330 0 232
0 314 0 289
0 75 0 565
0 497 0 701
0 298 0 354
0 80 0 217
0 465 0 522
0 316 0 428
0 445 0 801
0 131 0 492
0 251 0 280
0 34 0 728
0 7 0 674
0 440 0 679
0 267 0 257
0 420 0 95
0 147 0 107
0 497 0 253
0 5 0 983
0 69 0 865
0 378 0 790
0 183 0 44
0 279 0 410
0 83 0 911
0 67 0 36
0 278 0 724
0 267 0 252
0 315 0 469
0 315 0 627
0 36 0 481
0 467 0 414
0 58 0 18
0 173 0 399
0 178 0 853
0 289 0 955
0 441 0 697
0 174 0 905
0 83 0 792
0 248 0 799
0 458 0 460
0 399 0 615
0 492 0 119
0 44 0 798
0 250 0 149
0 144 0 635
0 130 0 828
0 16 0 948
0 315 0 436
0 54 0 90
0 52 0 451
0 301 0 368
0 128 0 124
0 491 0 788
0 371 0 432
0 229 0 523
0 102 0 844
0 296 0 94
0 429 0 987
0 97 0 408
0 115 0 562
0 243 0 339
0 274 0 882
0 178 0 684
0 245 0 58
0 125 0 309
0 374 0 973
0 142 0 163
0 358 0 596
0 344 0 136
0 287 0 16
0 242 0 538
0 287 0 25
0 54 0 62
0 4 0 490
0 266 0 587
0 5 0 767
0 382 0 10
0 52 0 482
0 47 0 760
0 93 0 366
0 73 0 677
0 235 0 808
0 48 0 768
0 184 0 739
0 412 0 617
0 489 0 779
0 136 0 170
0 413 0 42
0 497 0 753
0 187 0 908
0 258 263
0 32 0 418
0 399 0 133
0 342 0 414
0 357 0 649
0 6 0 919
0 245 0 341
0 433 0 623
0 326 0 938
0 334 0 631
0 257 0 650
0 125 0 79
0 121 0 282
0 378 0 995
0 43 0 467
0 40 0 81
0 186 0 427
0 268 0 181
0 493 0 627
0 27 0 946
0 469 0 661
0 216 0 281
0 310 0 429
0 305 0 915
0 0 0 464
0 254 0 54
0 149 0 623
0 431 0 877
0 112 0 148
0 194 0 662
0 156 0 760
0 74 0 316
0 190 0 447
0 273 0 260
0 241 0 661
0 110 0 370
0 325 0 25
0 462 0 660
0 257 0 303
0 310 0 544
0 212 0 16
0 305 0 257
0 49 0 704
0 404 0 122
0 429 0 508
0 415 0 933
0 104 0 217
0 426 0 726
0 0 0 33
0 314 0 543
0 182 0 84
0 151 0 628
0 86 0 29
0 66 0 802
0 210 0 641
0 202 0 216
0 89 0 270
0 366 0 286
0 203 0 724
0 454 0 6
0 387 0 937
0 233 0 613
0 263 0 220
0 499 0 873
0 234 0 86
0 301 0 943
0 81 0 385
0 450 0 683
0 59 0 931
0 151 0 558
0 417 0 848
0 22 0 463
0 480 0 721
0 216 0 975
0 435 0 702
0 98 0 598
0 172 0 960
0 106 0 101
0 496 0 447
0 192 0 489
0 109 0 561
0 288 0 505
0 436 0 52
0 434 0 252
0 361 0 653
0 440 0 457
0 145 0 902
0 174 0 471
0 38 0 647
0 138 0 484
0 384 0 125
0 444 0 408
0 94 0 752
0 428 0 71
0 283 0 806
0 266 0 342
0 104 0 52
0 450 0 291
0 113 0 918
0 211 0 131
0 78 0 705
0 325 0 12
0 171 0 594
0 96 0 302
0 377 0 22
0 149 0 299
0 437 0 786
0 39 0 313
0 186 0 760
0 278 0 418
0 336 0 322
0 125 0 253
0 336 0 450
0 463 0 908
0 449 0 288
0 36 0 393
0 257 0 109
0 236 0 758
0 157 0 335
0 406 0 826
0 52 0 478
0 288 0 941
0 388 0 467
0 320 0 662
0 93 0 20
0 429 0 952
0 494 0 588
0 214 0 865
0 54 0 530
0 144 0 925
0 404 0 757
0 417 0 913
0 256 0 312
0 13 0 517
0 263 0 461
0 392 0 606
0 471 0 317
0 316 0 292
0 365 0 44
0 274 0 383
0 62 0 870
0 296 0 695
0 406 0 38
3 13 106 0
2 214 0 865
2 404 0 757
2 417 0 913
